.17395626242544731610
.11477151965993623804
.09109311740890688259
.31680672268907563025
.13364928909952606635
.09017223910840932117
.11348205625606207565
.15498154981549815498
.18937198067632850241
.15456238361266294227
.14837398373983739837
.18405511811023622047
.11829025844930417495
.11649484536082474226
.12333629103815439219
.12112112112112112112
.08359133126934984520
.16007359705611775528
.22201665124884366327
.16835699797160243407
.07343412526997840172
.15363385464581416743
.13623188405797101449
.13570741097208854667
.15705765407554671968
.20410065237651444547
.08195020746887966804
.21153846153846153846
.35113636363636363636
