.08316430020283975659
.20443101711983887210
.06755373592630501535
.10301263362487852283
.09809809809809809809
.09386281588447653429
.07584269662921348314
.07556427870461236506
.09136047666335650446
.39982110912343470483
.08091908091908091908
.12674743709226467847
.08662900188323917137
.09830866807610993657
.08897876643073811931
.04717948717948717948
.09775967413441955193
.19277108433734939759
.12258064516129032258
.06006322444678609062
.12701252236135957066
.10671936758893280632
.08823529411764705882
.10987996306555863342
.30329457364341085271
.13518352730528200537
.07194244604316546762
.10590440487347703842
.06776180698151950718
.49261603375527426160
