.47275405007363770250
.50660792951541850220
.30790190735694822888
.50995405819295558958
.37215189873417721518
.22022160664819944598
.24822695035460992907
.49358974358974358974
.44699872286079182630
.31733333333333333333
.46931407942238267148
.47111111111111111111
.50951683748169838945
.36945169712793733681
.45710059171597633136
.43272171253822629969
.44109947643979057591
.25217391304347826086
.21870701513067400275
.38431876606683804627
.44710860366713681241
.48409893992932862190
.44163658243080625752
.32621082621082621082
.39634941329856584093
.21216216216216216216
.38028169014084507042
.48344370860927152317
.45954198473282442748
.46254458977407847800
